+59125091311
+59100450978
+59100776073
+59151942929
+59145626488
+59180248472
+59192352160
+59118879790
+59178290624
+59108803393
+59189282043
+59103416701
+59178399664
+59101025092
+59106717088
+59175694497
+59191138793
+59137020834
+59169844676
+59187430936
+59167568745
+59140378977
+59122544217
+59184835442
+59152477386
+59142633738
+59131194549
+59114735065
+59198375837
+59184099251
+59181256973
+59145247376
+59107259162
+59140499372
+59169353618
+59157632806
+59188750042
+59189556676
+59175111420
+59119478197
+59105962938
+59174729818
+59189308327
+59132948264
+59112176371
+59144965121
+59136825404
+59198547765
+59115859618
+59192986776
+59145449002
+59166618506
+59122571620
+59177557179
+59158051015
+59134121652
+59155182245
+59193532666
+59133120176
+59125623241
+59163321819
+59152213020
+59126419306
+59134288410
+59148217404
+59189070707
+59175429928
+59153405332
+59106352336
+59166595692
+59105107709
+59107079229
+59191828350
+59160412780
+59165918641
+59136454612
+59163511195
+59107376652
+59136899699
+59157617808
+59190051073
+59195118501
+59139772230
+59116272861
+59120515889
